16 2735 8699 1313 4666 4318 7535 4617 9516 5782 7222 2498 6578 4810 6812 207 6599
19 6689 3655 565 3114 7994 7636 8737 8990 7778 1045 7793 9299 3772 6146 4135 5506 45 5200 603
8 3090 5654 5562 3940 8103 7267 4128 6816
7 1209 3849 6202 1843 3220 4372 4027
19 6466 5875 41 7580 8285 2261 7208 2653 5238 6737 9248 7830 2052 624 1387 510 3395 5980 717
16 5018 945 7373 2686 8615 6570 403 5087 7048 7501 2829 8218 8705 2308 6362 2727
8 9313 6741 168 9954 3503 4341 4110 2638
4 2519 7711 2401 9927
8 549 720 4411 9072 3912 4517 9966 9924
17 4525 4208 5285 6069 2077 8035 9381 5260 6106 9513 2561 4032 8842 6282 8052 6549 9115
15 5934 9090 6192 3263 9804 4007 8030 3364 5405 7081 516 4787 6641 1840 3174
15 4679 3022 5702 9228 8316 4456 9607 575 9955 6891 5068 6027 4674 7155 5215
5 88 9463 8410 7883 2660
4 7109 9492 2702 1785
22 2465 6740 8816 6119 617 46 120 3099 6460 3851 7045 1924 9157 2078 1814 5512 5877 7616 9188 5585 5680 416
22 7957 8629 7975 9485 6842 7884 8421 7245 5838 9070 4884 2760 4221 83 9023 1914 2299 8294 9605 8852 5319 6551
20 519 3546 328 1995 1830 5756 8259 2745 578 9264 1330 4104 2 561 4845 8855 9748 5128 4900 4548
7 4309 1625 69 8088 6154 6878 3831
9 5970 739 2957 4836 3663 709 3165 872 7295
14 4839 2942 4467 5344 4937 4074 4357 7650 9967 9181 7932 2517 1971 5946
14 5324 5332 8298 2648 1368 7755 8268 4688 5529 4259 8669 5705 7003 6371
13 719 4088 9928 1480 2174 1639 9790 9785 8775 5259 7538 8656 8513
23 606 5491 6951 780 3116 7732 9265 4195 5995 8401 8815 5464 405 4237 1125 2892 3961 4870 3004 8172 3087 4737 8005
18 423 6457 4200 3779 57 8796 1496 1968 4441 1179 1008 402 576 5072 1136 8335 6860 1243
13 1776 4848 5012 7232 2751 4449 501 2438 6810 515 4280 5639 5505
15 6031 6575 3675 3621 7334 6437 5670 3977 2024 3009 1357 6707 1622 2282 7997
8 187 8979 4630 2881 4297 6357 6024 3760
9 6663 3951 3424 3403 498 8681 7663 3290 6544
10 1066 8024 4507 6503 942 4371 8585 1912 6041 6591
18 5335 6745 3502 2260 2525 8296 5323 4062 6800 8550 9368 1756 4489 356 3413 4762 6370 9893
6 8175 3138 5955 5158 9262 1880
11 1560 6662 9282 1908 3047 7438 5622 6237 2095 4907 2346
14 4758 7810 6159 2399 2305 4869 5187 4485 2665 7309 4834 1752 6596 8988
9 3817 1170 5510 6756 95 8192 7926 8009 155
19 3580 5218 1121 3821 5686 1729 3082 8353 1211 2969 3469 3710 3432 6678 8343 2398 8442 6801 71
15 6252 5815 8312 9420 9000 1911 7440 9225 3101 3010 4276 253 6320 7970 2002
15 1273 6735 2649 3537 8176 1494 9962 5310 7562 7573 2693 5583 9658 2284 4053
14 7499 2297 8191 4302 1198 9838 1967 714 7101 4258 7302 5905 1975 4671
15 1867 1492 128 1326 5783 9100 1256 3839 2966 3394 6301 4515 6406 7879 3824
17 7965 5387 2742 318 1693 8665 2954 4989 7843 536 5306 9541 7285 7661 4514 6720 4480
8 6822 7108 7211 5526 9526 9687 9015 1037
12 2432 6139 9627 718 2112 7759 1487 1169 8869 3798 6416 1922
16 7070 7224 5699 1 7665 6956 8263 1257 6746 7872 3854 2125 5391 3660 1965 4001
15 1178 5627 2415 7498 1891 8901 2621 3501 8475 2142 7976 6637 1678 5022 7775
5 3055 7028 3354 1399 25
22 4742 8425 5060 3176 8434 9549 7193 3194 7135 1415 8505 1504 7381 4654 490 639 6326 4950 7960 5165 7517 4192
5 8890 5062 3662 6254 4271
21 6002 2838 3910 8338 5816 5662 3721 5374 2314 4895 4293 808 3722 5379 9939 3237 7063 2500 2752 337 4488
9 8773 7940 4457 5117 8628 7853 4360 9386 3943
17 8292 1593 533 8079 6652 1369 5279 8560 9222 5514 408 3776 2960 742 2389 8045 5152
22 672 190 874 601 6764 1913 9242 4400 5914 6179 6921 7004 9593 1761 7939 2563 6318 1477 5633 9982 192 2347
16 7475 3294 8902 7323 6446 6398 8951 2857 9812 6268 1193 8620 4394 8916 3182 5780
14 8477 2738 2928 6265 782 8042 6584 7203 7730 9561 4588 6006 3344 8600
9 5235 9046 6804 3632 4405 7856 3669 8968 2533
14 6277 2963 2566 6220 8995 292 4344 5847 5452 8843 3216 6682 8599 558
28 2720 2784 1697 1240 2635 3701 8367 2732 1746 5951 294 7532 9089 7542 8904 3077 8383 6366 1402 6629 6574 2396 333 9318 9170 4945 8660 6427
20 9409 6849 9944 8464 1601 753 4880 952 454 9992 5301 3127 4711 4851 5587 6778 4712 7995 3523 8365
23 2920 1984 9685 2657 3966 4914 5241 6946 2395 1220 121 3691 938 1656 2737 5180 7570 1065 4359 3283 1025 6309 5509
4 4094 1512 1959 476
23 3629 6747 3396 3475 3370 5751 3215 3326 2075 8407 8952 857 5519 7689 4899 8917 3262 6014 4187 2239 3355 5392 8677
18 677 3651 2642 6029 6856 4953 6639 1509 5426 4163 7366 9229 6581 9348 7605 6372 1673 6759
13 3607 8892 3938 4396 2927 7479 2044 9836 5001 929 7383 9708 2750
21 9679 5237 7372 4207 5719 2000 9617 2831 1511 876 4871 7370 7145 9208 7949 8807 1736 693 2381 3764 4116
10 1097 9920 7236 4520 6319 594 9293 752 2331 1574
21 5497 1784 2512 9636 1634 8529 9364 8245 2315 8481 2137 924 7237 9460 2084 2254 2003 917 6144 1103 4215
21 9752 3024 6536 172 1222 1245 6896 9263 4274 7984 2467 6134 1907 5133 4290 4660 3913 2700 7047 8201 1268
21 6670 567 9316 1054 4225 6316 5779 8955 9199 81 9652 5941 65 1591 7560 4460 1932 8336 2687 1321 4603
7 1757 1773 3603 1755 2776 3729 174
17 5440 6189 5636 1580 9179 3366 7342 4415 5770 52 3173 3308 3967 7757 7798 7273 2350
20 9514 477 8440 7554 8791 8194 1886 1189 1168 8780 7080 285 2370 9029 3962 6608 7619 6572 3506 3998
16 2571 666 8445 2407 819 3610 3661 9213 4407 6823 2494 7591 3713 2699 9096 2803
12 563 607 4653 6915 8502 7142 6495 322 5175 1033 1049 7841
22 6381 5112 8328 9830 2235 4587 7253 907 9195 105 377 5074 2796 2713 7547 6083 1050 3551 2682 9102 75 1091
20 9003 2538 5282 9625 2600 531 2613 3393 6163 4105 5356 2206 5534 2417 9321 6513 8931 5687 8469 8466
13 3549 1689 8835 3108 3740 7847 3759 9249 6397 5277 6918 785 6723
24 4601 8323 9543 7446 3666 3112 3054 2482 9897 3247 9496 5099 8659 9001 9908 5083 7024 6552 2950 8689 9866 5401 5648 4609
4 7657 3362 6066 4301
15 2015 32 4328 6297 163 4981 7502 4033 4075 3473 940 2646 3670 2932 8859
5 8708 7319 3073 7190 5091
22 5860 8459 8588 5892 7922 6026 6133 7134 2072 6367 1716 3044 8562 3757 912 4747 3052 8247 8844 347 8388 2953
14 8758 4673 7477 7642 8243 934 4031 7415 3476 384 4144 8181 3634 765
12 9847 2424 8792 2132 1845 5088 3524 7805 138 1248 8111 7139
21 2883 4935 7876 3885 2323 8403 4958 9964 7515 2547 6674 2082 5804 1772 1999 786 227 7272 2542 8643 1540
12 9913 3414 2558 4638 5608 2622 10 2710 3980 6077 9598 9756
5 5445 1973 7684 884 1244
5 9976 6053 5212 9190 4887
17 4078 3990 6547 9712 2217 6893 4477 3981 8500 9724 8063 9376 5482 985 3881 2124 6964
19 8310 3579 3104 9286 2982 9457 6313 7988 2220 7817 9226 5959 6839 5092 3494 7735 1945 8946 3472
19 6916 4984 284 3680 415 7118 3531 1458 6677 2179 7594 7763 7791 2762 8779 3437 185 2091 3852
22 4008 1372 7677 1260 1491 4659 4913 7387 9288 8820 6838 6699 6085 2595 8593 731 7549 3700 1375 2489 3815 5066
20 9888 7993 8462 3717 3191 4065 2240 193 7614 9987 4840 6833 3808 2358 855 4102 8930 5759 2201 3094
11 6263 8458 4665 3375 4656 2033 9158 4888 2866 9732 781
13 1305 2915 5017 1863 6601 2802 8719 1416 2685 4817 8417 3153 6835
17 6815 7889 8574 9011 4409 572 5366 8909 6197 7414 3285 3992 3689 5763 1505 6506 7038
8 3307 3029 9874 4703 1963 378 7019 2288
21 303 5359 4482 6498 6216 2473 91 9156 6593 2054 3278 5094 9783 3447 4632 6469 9086 972 3684 5802 8853
6 4071 1192 3767 1666 2701 5765
23 2316 8020 9255 8521 1252 7034 6182 9127 6422 7941 2810 7271 3421 8023 319 3070 4248 3948 8692 6692 7330 6555 3363
25 1335 7687 7406 9045 6474 6523 7901 3513 1985 5792 8373 412 5999 689 4044 1130 4067 72 7331 2294 5522 4748 6388 2427 3658
19 2917 7768 6186 4245 9576 9742 4355 5967 4866 5105 1431 7262 3416 495 1572 9422 2816 5109 721
13 8731 1024 3083 856 1319 3292 8115 8234 3659 496 9695 2475 4037
14 8878 381 2290 9077 3862 7493 9328 8799 4121 1534 5484 8438 9448 4175
10 1138 245 8146 6392 7628 2654 8860 9440 9741 3225
20 9619 19 1860 1221 1500 6173 1565 7746 8220 3735 2397 9474 5880 4198 5320 5607 339 7030 5438 3226
9 7013 5284 8129 125 4036 4389 6315 3953 6040
12 2061 9820 8978 6128 7685 4024 6643 5701 1768 4397 9623 310
5 5086 864 7867 8071 3246
18 4058 3257 4003 9118 772 1109 6359 1660 9611 3210 484 1681 8004 4351 801 6478 5186 604
13 4618 8302 364 2110 6775 776 4878 9470 5870 471 8885 3695 7495
19 7929 9406 873 8379 4113 9882 4314 6642 3645 9583 3406 2996 3446 682 3076 3365 5947 2579 2705
12 5300 1406 6200 3554 5352 5043 1422 7301 799 5901 2021 3699
19 1315 8932 9452 4833 6245 506 2741 5375 8094 252 3133 3843 1589 1292 6120 2804 133 6743 7972
16 9707 9649 6327 7710 225 6597 867 2565 2393 5289 6157 3534 256 9456 5950 564
16 7429 7198 7249 3972 6886 921 5193 2388 1259 3811 3597 9784 1516 4173 9372 7264
21 7861 8055 9965 4404 5054 1324 6871 39 1391 9837 4634 4564 8743 9508 1499 4620 1727 5681 198 743 9587
13 4059 5818 4233 3381 5382 7525 8646 5715 7790 8432 3353 1124 1131
12 5192 4706 6304 9926 2497 7668 100 2919 7010 7457 4528 7291
18 5299 7020 2780 7737 3842 2787 5628 4872 2115 1433 852 3222 149 1493 8583 8668 4822 4148
22 6783 9052 4164 7086 6645 3879 8151 4798 1859 3429 6393 4689 2272 698 6184 1982 2279 6490 4039 2162 3096 981
17 7401 9935 9602 2904 989 8348 233 6248 1688 6415 4770 4218 1057 6376 8354 7336 2811
15 4855 1090 1177 5477 4101 8188 1738 9975 4699 3896 6907 5933 3496 2909 3341
19 7463 9996 3786 1233 1627 5799 494 9027 6865 987 1470 5208 8460 3392 4430 7556 7728 9342 5916
19 3167 5615 9274 3068 3200 6425 895 1232 2984 9408 5009 1051 7894 2359 4898 9665 7973 9344 5677
22 273 400 419 9562 3565 1797 1079 7239 459 2156 5101 7857 1810 2228 3925 3907 3141 5862 1538 7447 2027 1957
18 3444 271 6012 6356 3468 3227 883 7508 3075 6203 4777 5872 9727 1291 9835 748 2303 2801
21 769 6924 2495 4782 2952 6480 2355 4971 6930 1104 2893 9968 2319 3847 278 8270 1502 6758 3598 1249 1760
15 3696 9392 3997 1392 6683 2042 3377 7130 5093 250 3704 4678 404 6992 4462
18 9305 5743 8203 8823 9579 4356 8945 8928 7998 9574 6292 5786 512 8107 7706 7868 2101 6766
17 9563 1194 2440 2180 8882 2673 9132 7629 6850 7654 1715 6165 1668 361 2354 8215 2050
16 2247 7140 3160 2626 1010 7572 3783 2409 6196 4605 2527 8485 7207 9624 4086 7909
18 4377 4511 7631 4830 2470 6967 1182 1412 8851 2972 7392 779 4718 4825 1882 6811 6225 3711
22 6412 8290 7567 6729 7162 7282 6971 6331 1299 3157 890 8366 5664 732 7016 2433 2420 2988 3383 7851 9066 6867
26 713 7471 7927 4285 8772 9419 4171 3784 6805 353 8644 8033 76 2281 953 3963 6726 1834 1753 6308 8283 1053 3916 1409 1007 5775
23 2135 2422 6420 6771 4139 4123 1583 843 2270 2898 4784 3450 6722 8688 9103 1275 4549 5577 9683 2102 3158 5638 7639
15 2949 5890 802 9613 6244 1311 1098 3624 8339 2373 4523 262 5315 3937 6330
7 700 1637 7346 633 4147 3372 1061
19 8703 2791 1002 6809 9612 1947 8760 8547 8764 9941 8833 3053 3796 6763 3483 2236 1092 3306 62
10 117 5746 2118 4011 6953 859 1094 8732 205 9904
16 3442 4223 5954 1550 7464 2769 1876 5385 6505 6137 1901 7839 420 3538 8318 2889
11 7913 7442 8617 8018 2885 2766 3231 7341 8105 3404 5216
18 6695 902 409 8554 6966 767 461 1710 1875 2882 4942 2039 9442 8738 1068 27 1925 5820
22 1543 3148 4112 8536 1873 9681 5674 2187 6716 4270 5684 6562 1861 3959 4217 6975 385 6117 6709 3385 1917 6781
25 6831 9852 608 6338 7172 8085 5656 9410 7411 64 8694 2453 9566 2842 4924 5302 4426 1819 7819 6858 8532 5851 3198 2800 6957
17 6901 2536 7638 4107 5539 4749 2404 7693 1476 5907 6345 5201 2599 9880 7800 3908 7815
16 6403 5602 4327 1521 286 7822 9823 7749 1012 724 2501 728 1682 1119 5103 5989
19 3156 5358 5006 212 4141 169 8273 4256 1062 5861 6121 8864 8160 1448 3606 1308 8958 7966 6124
6 2384 5475 941 1370 6791 2416
13 8518 2899 3368 5663 1977 4593 9846 4089 249 8494 4772 928 3756
20 5769 2006 9320 9633 7312 9871 8059 4615 4366 5045 8827 2122 5134 946 7106 5326 8778 551 4081 44
15 9393 2123 697 9349 5994 9106 2104 1199 7132 8961 6655 2016 6947 4373 9603
15 7040 1635 206 5732 1647 92 1349 9035 8970 969 1364 2630 7120 2309 6290
18 3855 892 8351 2896 1281 5082 560 4724 3258 3694 816 7077 6970 7351 3738 3336 5696 6787
15 1515 1874 6705 5632 3466 3425 8511 4685 8627 7178 2390 434 7734 3391 4419
17 3371 4781 4184 2056 3433 9737 8667 7176 1203 5486 5364 276 7454 5739 2214 3563 8497
21 1992 6851 482 4733 3906 5690 8228 9151 8486 6925 8148 6211 3672 9022 8748 3212 2017 6264 3926 6623 9468
7 9325 3596 965 428 3585 511 3539
10 9675 6654 9768 5771 3833 5453 9546 3439 3930 3230
20 6198 8489 8370 7102 2250 8609 2304 9458 8809 1799 2910 2383 1980 518 78 8569 6590 3577 1423 904
17 7928 726 1206 2696 8998 7691 8533 2248 4690 5073 5023 8544 6105 3489 6790 9621 5997
3 8670 8819 9258
20 6807 3572 8040 1186 2060 2119 9570 5400 8984 1309 1429 1197 8099 5559 8177 4190 6205 8281 5850 4254
7 4435 4437 2718 9848 5595 2666 9529
9 8640 3197 5480 9082 6286 1990 2617 3132 9098
12 3869 9556 1994 4250 3542 376 9276 2011 397 8987 8416 2513
14 9449 7382 7445 4944 7931 7407 2841 612 3428 909 1145 9331 4597 3521
17 4307 3208 5748 1655 3915 3807 348 8804 1721 7764 3085 6114 8767 7286 1604 2522 6126
11 3253 315 5829 2992 9743 2981 6484 5064 947 3753 7506
19 375 696 8224 640 5503 2105 7811 1160 9896 2612 6987 6963 8136 1842 4647 370 5655 8927 2454
21 8329 5393 4154 8093 5917 9202 1152 5437 8214 3790 7900 6181 1071 232 77 6025 6504 8015 813 5936 1661
22 474 7320 1267 2425 4115 5601 1902 1453 2675 8058 2164 3211 2645 7091 3027 2943 4631 6337 3059 9455 5843 5013
15 5868 4194 5777 8868 1465 7840 4021 2979 546 886 5070 4767 4734 6059 5992
14 1105 8254 930 9272 7715 2921 3905 2607 2479 4096 1383 243 6509 6564
19 1040 3245 9412 839 211 6247 6832 9268 6848 3592 4562 274 7743 1926 1824 1224 8399 1401 9728
10 222 7180 3430 1628 330 7692 5169 1459 5709 8788
24 1005 9733 7210 7666 4973 7492 5830 3482 5603 7915 9438 1466 8450 7823 9884 3573 1783 22 5956 8165 2873 6666 9839 1099
16 9550 4938 4347 509 1584 3845 7865 3574 9043 3011 4852 7699 4222 8305 8287 8985
14 3555 6658 9666 5516 7934 1733 6270 1023 8108 701 9423 6667 5761 3118
5 1135 6378 9801 5570 7780
12 3578 8653 8164 3305 8229 3799 21 1747 4251 2237 1780 3440
25 5424 2603 4537 442 9769 2245 3616 5593 3775 6188 2875 8237 586 7918 4106 4906 4789 9193 4739 500 7486 1451 2038 3806 9582
21 5693 1838 6206 1518 5620 6703 6261 2578 8324 9357 1595 9073 1787 6389 5794 7402 999 2991 2772 8944 3794
9 84 8435 3334 1102 8876 9763 8992 6276 8315
21 9140 3640 4196 3050 9450 146 8167 7169 9641 6161 6751 5188 8007 9534 8811 4323 7520 7388 5427 4381 9099
11 4894 658 2975 6879 6630 2086 3761 395 8428 2526 8571
20 920 1803 2207 2107 3314 6905 4111 7305 2444 5143 4805 9224 7321 9194 154 309 7752 3526 2255 4169
21 6706 166 8832 47 483 3789 3802 8116 2652 3657 1004 4224 5380 3186 3893 8817 5019 7504 2403 6626 2258
19 9799 9864 9657 6719 6172 8062 7103 9639 1176 1598 8826 4701 7062 7944 6776 4165 7921 9122 3485
22 7956 4387 5295 3840 9610 2171 1725 7197 3946 7221 1831 4472 5473 3593 6830 4345 668 162 6497 9261 5873 1157
14 2559 3249 6068 6765 7874 6903 611 102 4990 7633 4278 1896 8801 6610
16 5717 1414 1251 4920 830 6141 657 2706 6902 1338 3859 777 7389 7647 9270 3300
20 2695 1407 5996 9078 6409 5303 9477 6969 5766 300 9062 8506 6757 3751 5864 2431 6543 1457 132 9173
21 961 5990 200 9586 6739 2178 2930 629 106 5564 7361 8072 8551 6730 4440 9716 7195 8317 4932 9588 5126
10 372 4693 1363 665 3420 1667 475 4017 3685 5824
16 7952 7329 9297 6984 9135 595 7068 5160 9553 1532 9810 6462 1854 2911 2466 393
3 3654 5384 1749
15 768 2324 2147 6563 5495 3117 3952 3648 9817 7609 6452 3016 8061 4191 4306
14 24 1113 3105 8766 9064 992 2434 8190 3793 7503 3499 8662 3031 9479
20 4090 6877 3017 9951 9018 8173 1631 2924 659 8075 1417 8444 2141 3474 8334 581 9435 2871 4362 9672
18 9084 3005 2681 5377 5234 7882 4119 514 9478 2048 5256 3561 6866 8212 8693 3159 223 2615
21 2869 6404 5049 502 3602 7662 8937 3062 7066 5550 30 2557 2722 4518 4136 3841 7397 1611 2672 1648 6232
19 8962 3276 6168 3512 656 9832 6762 9952 6243 3986 9298 7384 4043 9148 6734 4234 7675 5363 4427
15 2356 7428 5205 8915 9251 2184 4266 6821 2341 3902 4919 8863 2876 1056 8472
12 4637 3575 4661 5120 4020 4481 6222 6013 4714 5394 8293 692
14 4150 7104 4717 2385 5879 2023 6103 1981 3269 1320 5689 7551 8829 5255
20 6115 3976 7243 1723 5107 2781 127 178 8542 4491 1692 2846 9592 4263 3163 5925 8584 1711 1623 5918
21 3988 3540 1955 1508 354 7256 7643 7187 9729 1541 9240 4330 1337 6436 2231 7177 9363 2378 520 2232 3019
11 5885 3826 8448 3325 6336 9604 2386 4045 7697 8798 6190
15 311 2041 5844 2680 342 6883 7006 3894 11 8074 8153 1535 7121 4933 2202
23 4379 6150 3991 266 3038 7548 8597 5170 3770 6081 7873 7592 1679 4085 9800 3714 517 9239 9506 5007 335 7695 1732
21 7399 6199 4455 6711 933 6438 4595 5837 2045 2108 3155 5221 4072 235 8545 1154 1229 6525 2257 5574 7029
13 541 7117 1208 8412 9370 4561 3135 8344 2197 9945 3888 7254 2328
21 7561 3918 825 7690 761 3818 7191 8272 3974 4594 5211 7266 1822 7807 3072 3142 1672 4765 2222 2022 6624
10 4143 9347 6164 9109 559 9684 5803 8782 4433 6515
8 568 1609 2293 7430 4016 9116 5291 7110
4 4494 7948 3774 7774
15 8950 6502 7357 481 9252 4965 8134 3295 9155 2959 386 1253 2936 7961 6075
20 6228 8447 3816 7787 4544 3993 2771 6698 379 544 8746 3007 8814 3328 5801 3266 6977 3387 3081 9356
7 622 5721 7277 8642 7171 7762 5441
21 1833 8158 4867 3921 2333 6580 2076 7216 7466 8953 7680 202 7935 7009 8415 183 3525 6464 7545 2575 2363
17 6541 8149 9495 6550 6526 6280 2406 4552 636 8857 5556 2532 4626 4745 8845 3467 270
22 6961 3527 1223 8637 9634 8368 4854 8806 1523 458 1069 6808 6696 3115 282 9554 9978 6033 1187 2419 8461 1712
6 29 7325 9366 344 2616 3642
20 1664 1438 9691 8786 5626 7579 660 9475 4664 5100 9912 4046 1096 7920 2034 8960 8492 2994 5943 7974
19 55 1588 4826 9164 2937 9033 4099 2543 4584 1791 1774 6605 1029 6262 545 7871 8006 3587 931
9 9523 7553 5554 1200 854 9065 8785 4331 2053
12 9216 9473 5710 8198 439 6000 1557 5036 708 2797 1700 9377
22 9283 8630 6155 9815 3319 2551 9177 553 7037 6056 2241 6201 4692 9988 3078 5575 50 3244 8651 7652 1498 9399
10 4842 7114 9813 5090 8614 9819 7534 3373 7453 2088
20 2576 4873 209 7097 6009 993 9133 8014 2264 2534 3039 9498 8549 9447 8347 5605 1775 5938 4783 3678
12 4948 1227 9087 493 6634 2651 5124 4006 5597 2674 9236 8455
3 4346 2736 7854
9 1888 627 6669 615 9042 908 6672 7794 1159
3 734 9559 3936
16 3149 1630 7585 5757 6352 7698 5678 6927 704 1443 949 3146 1820 6868 6680 6042
13 7119 3333 8548 4875 9795 9130 4786 2394 2556 1790 2548 8926 5268
6 4214 2166 7870 1272 2999 2591
14 7862 1986 5695 7456 9028 5123 3752 3846 9358 6187 3299 2414 1026 798
8 157 7398 6455 6473 4291 9751 4966 1246
21 2986 9137 2711 6125 8856 2997 5287 1436 254 2867 2057 1461 5247 2153 6785 261 8473 8623 5795 7022 7765
5 297 6485 3202 8231 5085
9 1978 3049 8715 2973 5240 1684 6647 9858 5903
13 3103 9402 2539 2338 4450 9075 5465 281 5040 9934 5154 2805 1371
4 5341 9459 9471 1333
18 2912 4170 5507 5347 3051 7682 6082 8631 8413 1188 4087 9421 7788 4963 7608 2334 9367 6284
18 3281 8848 2198 3058 849 1474 3451 1110 711 599 2958 3498 1428 2740 9428 2632 9233 7982
6 5716 7864 1530 5214 306 5463
12 957 1778 6251 2246 4628 6713 4009 7615 6020 738 3000 8886
15 6724 3459 457 6710 4806 8236 3232 156 3901 833 7422 9143 4625 7781 1235
13 445 2230 3544 1111 141 6744 7659 1818 7250 787 3382 1916 988
4 3693 1447 1421 2573
19 2020 9851 4863 6742 313 7263 6062 1101 1302 523 8895 7205 4212 9902 7417 7124 5035 1894 9500
20 8395 2788 2455 326 4705 2181 9678 7096 2753 5008 1930 1709 9006 304 8169 4710 6859 9865 8592 653
24 2008 2335 9105 6749 2570 6538 422 3124 4503 3785 5915 8510 4496 7806 1800 9378 3251 5600 970 8381 6431 1214 1270 5671
21 8406 4084 5957 9497 2126 7513 4247 3505 8182 6806 5278 8291 5249 5243 3567 6754 8427 1828 1996 5118 9365
14 5598 1852 4761 9071 3778 6657 2809 7339 4211 8109 1748 1695 6980 9535
16 3030 5856 3866 951 4704 9429 9165 7344 7679 1117 1934 793 9330 8872 4168 8141
19 3471 3196 6239 6718 9524 4652 8037 6407 9809 7576 508 9950 4282 6104 9302 6171 7352 5589 6687
22 7141 7082 3947 7574 5711 2799 7912 5557 1943 2043 6885 2366 9221 9085 5651 9480 547 1740 2215 577 3730 625
13 8102 3461 3066 9511 9872 6089 3746 7316 2989 8871 9322 8624 5444
17 8840 2233 3129 7196 3477 2505 2884 8800 9031 7474 5878 2402 5317 9571 6387 220 6988
16 585 6529 7347 2209 9849 8446 7231 5411 2935 3201 7094 9929 9786 2183 1036 1895
19 268 4910 975 9353 3453 5069 3345 8493 6932 8051 215 5176 4279 9384 9335 7786 8720 7443 5418
11 4495 3291 3181 9859 15 8534 5694 9894 9686 3801 2918
14 1353 4352 8795 40 9844 9319 4566 5041 216 6897 2644 539 2619 6972
17 5406 4414 7792 2782 9947 7380 4645 775 1779 8664 7726 8186 5039 2345 1236 9774 3161
12 8342 2296 4575 5535 7557 6454 9538 3435 9394 9505 3228 1855
16 5649 7434 425 8638 387 8491 2835 8540 8906 3630 7032 9825 9855 7304 3357 6640
13 7640 7891 9487 7785 4541 3098 4497 9284 4775 1348 355 4453 8253
23 1528 4583 661 730 4050 2639 7246 1762 6132 1942 7903 4939 2901 5210 6312 6774 6061 3352 5525 9653 8771 7185 2647
15 583 1674 5425 7085 9512 1529 5250 5353 8140 4985 2148 2560 9958 3820 7623
17 2941 9974 4421 497 1106 4607 3530 7275 9074 1389 8661 2144 7099 1654 9245 8733 7473
19 8204 2589 5025 8133 984 1352 8761 9539 3646 5031 7770 8239 4539 7363 9237 5675 1171 9664 179
12 3025 817 1970 2212 3635 1262 9017 503 4975 925 8012 9857
24 1735 5808 4624 6475 8831 1884 896 7745 6279 6094 1048 6566 2229 255 6908 8025 4382 1857 841 7072 8439 1906 4738 7027
12 5304 8262 1030 5887 35 645 2160 990 244 8257 6067 7075
13 4829 5913 7727 280 3079 4486 3123 3045 2611 8810 5257 2514 5231
23 741 6884 9805 6567 152 8671 5952 3434 8687 2907 2874 4821 1396 122 2854 2634 5852 96 7578 3318 4598 6797 1483
20 5381 9166 9306 9806 3605 2967 3270 6023 1215 6589 1864 6344 2568 5569 1603 7866 6824 8749 4903 6129
10 9979 4428 6875 4807 1685 7284 7483 9651 3389 6894
19 8559 4648 4153 9702 8742 8523 7555 715 1282 9324 2863 1328 366 8903 6829 5258 3136 7247 5414
6 6321 3536 9425 1596 2676 673
15 3743 3147 6825 137 4019 320 6983 6176 2789 2093 4478 6091 2158 681 7511
15 9581 5858 417 1386 7494 1146 9462 3397 4262 8896 591 8531 2471 1829 4178
21 1269 7293 7156 530 8382 3875 7683 2731 6537 1250 7808 967 1531 8193 9826 9542 7978 6471 7299 5346 5321
13 6039 3119 7569 1166 8830 9843 4912 7265 3214 2590 124 7396 4448
9 8520 4546 3317 4720 8128 1381 9754 3982 9688
13 3457 3608 7113 9038 9994 6920 4569 8873 195 1650 7439 1765 9308
18 8728 8073 935 1365 7278 3418 2667 6098 4677 865 6898 3454 2400 7529 4429 7461 2263 2820
18 4687 5369 6922 9002 3732 1355 6618 2602 4249 9141 5305 4055 889 7718 9175 3878 6588 5893
9 3564 8449 4980 2537 4957 1046 3949 5553 4439
19 580 6004 6021 4658 2059 6989 4384 6476 847 2065 9667 4550 5692 5472 1501 4978 8010 9055 3187
6 6649 1228 7255 977 5135 5982
8 61 3358 6793 8601 5561 5416 6691 9161
21 4788 8209 7248 1503 9314 6034 1263 5576 7150 4236 365 5635 67 5911 1649 7646 3013 5456 8496 5261 1764
18 5161 7129 7314 267 8187 3958 5866 159 2377 7761 7829 4800 6218 1393 3570 2151 7368 7782
21 6456 6329 2143 4080 98 9738 8854 5050 9972 2360 4623 7516 350 6353 3139 5908 4461 850 4719 9932 6354
12 8179 5213 2426 1640 3445 4205 9645 2640 7907 2412 17 6524
20 6952 5500 9890 8940 5584 1745 9234 5298 6582 8026 4642 1464 5442 8470 8591 433 8049 8359 2269 1107
12 7877 9405 7575 4773 7298 7340 2785 703 2295 9285 9032 3581
12 7799 8965 2480 4167 6235 2596 1277 1072 8471 3337 2650 2723
11 489 1651 3426 1777 5650 4063 9186 7153 3768 3933 9149
20 9207 3236 6410 4246 6340 7092 4555 2320 3203 3909 4117 4114 7712 8027 4533 90 5350 7848 6299 3401
9 8184 8768 7014 716 9644 1123 6622 9821 4097
11 8420 3758 3490 3193 9232 3782 6253 6619 3267 4992 4982
14 8675 9128 9267 1904 2036 1175 823 2852 8101 4858 3086 8753 2872 1691
18 6424 4877 9869 9289 161 4696 388 9980 9433 4125 7259 686 7098 1606 7855 5333 7858 7625
15 5245 5971 1100 7648 9382 4376 4029 881 115 7837 9388 1643 6386 4014 7809
6 6160 5991 9798 6928 2283 4240
3 7468 8598 9034
16 1866 7612 3384 6450 2783 9557 9341 5660 4130 1620 3895 5567 2191 6363 5357 8200
10 3692 8376 9469 2717 3169 118 4068 4340 26 6854
17 8578 4764 6727 1944 7296 8649 4093 809 4663 6332 7107 6219 2010 63 8117 3125 7144
7 9121 9231 6539 814 9591 1434 5206
9 1993 5487 6296 8803 1201 208 1181 674 7613
24 3239 8484 5572 9628 290 2825 552 4930 1081 189 2948 5462 8918 4669 2614 37 1034 3553 5195 8013 6938 5987 4304 7199
14 9901 6123 6752 9012 956 846 2754 9209 4070 7610 8170 2496 3726 8032
13 7911 7455 9595 8207 8991 4940 1613 9900 4819 7564 1271 8097 6463
19 9411 4885 1142 9696 2856 3615 6814 8973 2173 230 3271 196 2535 4997 5520 5793 5164 1174 9332
6 1563 5351 6283 3867 1297 1067
13 4882 9544 3510 9925 3750 7645 4979 806 3674 8387 7160 8805 7892
8 5902 2357 3092 135 2167 9182 8306 7910
18 7229 5744 4349 4629 4709 821 352 9789 275 4675 8261 3449 4092 3455 4322 4370 6303 8358
2 4066 8227
20 6965 277 9640 4410 8575 6402 1239 3122 9963 6999 9167 6684 5005 5032 7260 7179 3360 9053 7244 7644
15 610 2026 4064 9757 3398 8504 9564 6784 2275 2035 4353 897 9881 538 4651
17 7318 2079 9401 1564 5712 3583 9527 9981 8938 7558 382 1872 5372 7967 7627 5730 9112
12 2429 5727 7116 4255 7174 8118 4744 9822 1979 9160 3550 9142
16 6633 3773 4558 9620 5422 3190 1537 8300 6882 6178 9720 1568 880 2923 1597 2567
9 2278 3311 4686 6818 8034 751 5853 6213 8303
6 2774 3708 2128 1638 893 3436
6 9020 2641 8967 305 6554 4952
4 2418 2977 4961 373
24 9291 8029 5189 448 2464 4986 1441 8378 826 3609 4828 9911 8691 5329 5527 4768 453 7582 1463 1164 2965 2371 7306 2071
13 9626 1323 2074 8747 2585 2817 5579 9019 9718 2688 7360 2226 3034
18 9187 6794 4815 2577 3057 4862 2291 2343 6681 1871 9407 6167 4232 3813 9899 160 3834 750
20 8509 9246 1869 6058 6615 7386 4713 1846 147 2192 4209 2938 5768 5026 1921 7588 28 5132 7031 2168
21 4586 5948 7846 5920 4028 9923 7916 3532 6962 1016 4802 1897 866 5139 2062 6142 6802 9119 4837 1032 5612
16 4644 7152 8266 3673 1539 9219 7842 2978 9080 5183 1469 1446 2868 2317 2195 8794
21 2327 4635 6360 8219 164 2900 6272 7043 9948 7729 2292 4244 9303 1612 5373 5976 1796 9091 3650 7258 6577
11 4098 6377 1325 2844 4459 5729 7418 963 4936 3023 1675
4 7227 9021 6671 237
18 6694 9985 6942 6985 85 4326 3904 7143 8603 2468 8150 9778 6047 7326 7192 184 2739 3060
17 219 7287 6786 8309 2031 671 1676 2362 979 6379 4824 8064 3323 2190 8314 7095 8975
2 2176 1670
16 1815 8586 8157 5621 6101 1143 2439 103 3763 3484 676 6528 2971 6660 5010 9088
9 3008 7186 5983 2749 5906 2895 5199 5153 1122
18 5222 7451 199 2916 986 5724 4636 4879 9701 7488 6769 4073 8166 7353 7076 1719 6560 4500
11 8271 842 5466 9744 5156 9375 7041 3315 9346 1836 8255
12 9670 4260 368 6399 5481 7898 2694 1988 2990 6130 6530 735
20 2944 6208 241 7425 3261 7604 2906 7724 5998 9584 9694 9300 9998 3213 1078 2834 1011 3332 4650 8839
20 6361 8021 4299 9654 2352 6305 8555 444 6491 2515 3754 2025 4856 2332 527 6116 8969 470 1851 9050
2 3321 8345
5 3647 7194 1870 467 5080
21 8564 8277 6255 5182 507 9761 7595 5679 5700 6864 8963 2945 6712 9292 1345 9183 5274 600 5530 1704 5774
8 7716 1411 6149 4831 7622 5114 9352 848
12 113 7704 5517 655 3566 9537 8652 1937 5910 1960 4343 4329
8 6913 5307 4585 9647 6587 8956 4498 7122
19 6607 1883 3329 7379 1835 7933 6579 6426 6909 4832 2670 4590 9185 4369 4694 4529 7930 8912 7332
16 3168 3067 5089 8346 2216 8530 5433 7276 7315 3465 8610 550 7490 8650 257 9489
25 2313 1384 5698 7637 9705 9345 1910 1587 7777 9481 9101 8981 7812 5076 8244 7796 9671 2947 2721 2552 2555 7887 4425 4576 3800
22 1724 6493 8774 3830 2382 832 5267 6346 177 369 5835 2374 7754 754 7220 4312 9533 7969 1183 2572 5488 1754
16 5402 5034 4109 4048 853 485 3507 8721 1741 5981 3973 1351 4684 4505 7550 8977
18 6900 5227 8573 9104 3594 9949 9159 9424 4206 4532 5708 5909 129 8362 2757 9762 9201 4755
18 2507 513 435 596 8110 7816 2790 5219 2234 9659 9139 1310 4730 4560 2733 4201 6841 1347
10 5343 1013 7465 2518 9735 9134 2368 23 628 8405
12 3667 1489 248 7000 3036 5228 3970 9044 589 9315 9310 6084
11 554 3409 2690 3614 6904 680 9337 8841 5217 5590 4015
8 7088 7546 9483 9152 9275 3599 9047 3996
21 8587 8739 3557 2140 1331 4300 4213 396 2121 5610 6443 3924 8307 238 4464 4621 3935 632 226 9662 3309
17 6418 7435 3891 150 3739 8155 5457 4398 6659 7078 5630 8793 5625 3545 2012 5832 6611
14 9698 3170 3541 1997 5668 9037 9273 5713 5116 3622 5764 272 6451 4317
14 8698 6558 7779 4643 5021 2040 4470 2504 2175 173 3682 4333 5772 4999
18 6780 2748 6307 1804 6430 6076 9466 7769 7971 9192 4499 4219 5929 6396 3234 8121 2199 8041
20 6767 2520 6003 9680 9464 9138 3205 3623 9054 4406 9056 7148 2859 1042 6204 8060 5966 8436 1361 8465
14 6044 6135 3865 9631 4657 4493 7448 9731 4838 2186 4849 4816 3956 7607
18 4056 109 499 3636 524 3765 6223 7624 7566 9205 6102 5805 7400 7449 8709 1196 5397 3954
19 2531 8566 1527 3199 8682 5642 1294 9889 8695 374 8996 8288 6140 2089 2808 1031 1714 8881 1533
21 3410 8426 5541 7337 4035 529 3338 4227 5033 3731 5386 5163 1424 2580 1551 5360 6175 6704 5930 7979 2891
9 5881 9191 1218 210 6648 6274 74 8038 5725
9 1879 8104 7602 5566 2934 1460 8546 175 2541
16 8086 8711 6048 6156 4159 9379 8225 1420 8590 863 7521 9111 8280 4051 1162 5726
9 8189 2714 8784 8419 9171 6078 643 462 1376
11 2828 1605 7804 6910 2861 3856 8763 8680 7345 5430 3810
17 1794 5113 3989 2605 6293 4403 1644 542 4559 5658 4567 4423 7598 1696 7590 3497 1858
13 7849 1734 332 4613 5371 7630 4454 7313 4619 3736 7703 3177 2369
23 394 789 9030 4137 6512 3102 4756 2477 8645 4853 3874 4722 3547 4582 8993 1953 5396 1671 1237 9059 3517 8349 7084
21 6269 2436 3462 3411 5888 3026 3493 1346 97 584 8159 9362 4038 4964 5184 5849 974 6990 4771 4954 426
20 6843 7512 9845 7226 2663 9710 2661 5962 1455 4857 463 8125 2037 6926 4682 6043 6995 359 4166 8900
11 5027 8783 8713 7355 871 3584 862 7987 6880 9706 1956
16 7709 3601 9144 6413 1792 1430 4639 5899 6333 3509 6036 2154 1307 1964 1316 687
8 7188 699 3188 9575 7686 8112 7364 1817
10 1332 9503 4602 9180 646 380 691 2330 6238 5190
21 4475 7230 5540 119 8989 922 5263 6380 9833 4776 5451 9441 6391 7065 134 6556 3939 5271 815 1432 6852
24 7064 2106 2511 4502 4228 982 66 8595 649 8686 7234 9482 1264 9734 4378 678 6939 4809 1296 4512 2004 7168 3171 4680
21 8213 8736 8274 9254 2442 7209 9068 4792 7274 8028 4921 4667 1255 6138 6820 293 7354 6429 3419 3649 5403
12 6912 5511 5809 9632 7167 6571 6064 9113 9547 803 1298 1919
7 8787 2523 6836 7444 7924 6522 1140
21 3697 6110 1524 4202 5428 1686 1553 1475 9238 130 959 2636 9758 2478 4614 5796 2980 8522 3668 2066 9414
21 4536 8557 9385 950 6638 5409 6374 5014 4969 5619 4892 2601 2375 695 5061 1832 1450 2413 7322 9807 9578
18 6656 4959 4794 1276 3795 1949 9842 4034 1862 9655 3829 1561 8326 8576 3919 1853 5203 9856