4 45 975 922 388
3 156 565 129
3 1134 373 1252
2 835 1244
3 1179 1132 1436
3 187 1228 591
4 1434 1233 382 1208
2 389 406
2 820 223
4 719 1433 1488 828
4 691 1245 1319 1458
4 681 1092 603 658
3 327 689 1463
3 701 1144 324
3 333 644 490
4 586 320 865 1381
3 493 964 1221
4 1408 36 1173 1356
3 577 569 268
4 526 778 1161 1331
3 295 204 1169
4 42 93 933 169
2 175 636
3 207 600 829
3 102 872 500
3 78 1127 303
2 306 844
3 934 1009 1225
4 1141 236 59 887
3 1048 956 66
3 152 339 672
2 660 189
4 13 1158 1146 536
3 602 319 461
4 570 38 1392 1090
4 962 1253 95 1426
5 746 472 178 1379 634
3 654 777 631
3 138 32 471
4 1386 402 1188 1476
3 1109 39 1362
5 666 1354 866 56 945
3 445 228 1231
3 1472 893 1496
4 993 851 643 913
4 558 1427 183 1455
3 671 334 1240
2 395 1046
3 601 391 369
3 1466 219 57
2 1187 92
3 724 926 564
3 1377 125 1471
3 929 541 361
4 750 1243 418 77
3 804 380 1213
4 957 760 1321 1495
3 1204 358 1054
3 482 745 916
3 625 91 609
4 1415 1248 981 1296
3 377 1419 583
4 816 527 1400 366
2 688 1034
3 862 1402 7
3 94 550 214
4 1387 1096 782 1087
4 1030 996 1171 206
3 1143 313 1050
3 773 43 302
2 474 225
3 1492 1431 255
3 90 1000 613
3 280 1172 884
3 1130 1352 28
2 1359 1262
3 436 1182 649
2 596 1002
4 159 332 751 19
3 994 793 1234
4 27 789 521 1114
4 1125 594 920 1005
3 1191 300 180
3 1312 606 1145
4 23 1081 955 890
3 275 972 1341
4 286 1349 1382 1164
3 405 117 1450
5 1038 87 775 438 520
4 1425 1222 909 767
3 626 1003 10
3 846 567 1008
4 352 484 673 458
3 1271 771 618
3 1035 70 683
2 839 1102
4 811 841 918 1116
3 476 590 84
4 612 576 1416 765
4 766 710 812 293
5 1062 106 1457 599 1031
4 698 1317 86 201
4 523 363 628 1453
4 1364 1004 1083 1353
3 1060 1490 1072
3 1424 1329 1391
2 1247 290
4 534 510 611 1374
4 553 1118 533 1190
4 1468 190 1467 762
3 1348 1097 52
3 726 1226 165
3 314 597 755
3 1437 1322 546
3 551 941 1265
4 548 943 444 506
3 1365 1098 148
4 687 741 903 876
4 1196 619 1068 1384
2 1040 743
3 182 55 524
4 328 21 861 246
4 188 675 713 508
3 552 412 329
3 457 239 807
3 1339 674 1461
4 330 1011 210 483
3 528 989 37
3 256 557 847
2 554 848
4 281 1483 1273 374
5 416 345 999 154 1108
2 910 1215
3 1285 1219 264
3 1330 468 512
3 656 1045 595
3 68 729 1232
3 446 143 193
3 810 420 335
3 1491 1326 325
3 227 261 507
3 1021 1163 604
4 915 734 270 607
4 498 1299 1459 727
2 1186 123
2 1067 863
4 1113 1269 895 137
4 49 822 1137 260
3 128 243 1438
3 89 1064 305
4 336 927 249 935
3 271 452 984
4 854 360 1346 433
4 450 1412 292 923
4 417 883 802 272
2 191 1290
3 34 715 912
2 1066 1342
3 702 886 965
2 544 67
4 1140 22 394 588
3 1192 530 1103
3 665 161 424
3 1014 1149 1052
4 563 1302 367 562
5 502 200 539 326 932
5 928 690 1218 742 1017
4 736 1104 449 179
3 26 384 307
3 1407 1310 213
4 108 1411 1482 867
4 276 1082 1452 495
3 1037 1069 1403
4 61 1304 693 1159
2 288 58
3 1205 194 744
3 487 525 247
3 747 1493 72
2 1139 800
2 144 1360
3 479 1477 834
3 1036 648 96
4 1148 400 559 1324
3 40 237 904
4 2 83 297 1497
3 477 71 153
4 874 1414 925 633
3 598 387 1439
3 429 1198 514
4 1410 499 116 1043
4 350 1020 379 162
3 667 718 97
3 1275 115 349
4 69 323 274 370
5 1051 1131 902 1395 1084
3 1100 1194 759
3 130 51 985
4 16 168 48 875
3 659 1007 1033
3 968 1405 401
4 896 1440 986 842
3 850 532 1156
3 961 995 998
4 170 1189 14 113
3 1417 252 355
3 460 1166 241
3 540 266 254
3 1278 888 549
3 1442 203 646
2 1499 1023
3 817 230 157
3 4 110 707
5 273 0 109 492 695
4 1175 456 1498 463
3 422 1294 1332
5 1422 74 30 1088 776
2 676 832
3 1398 1258 1456
4 1049 670 917 399
3 1152 901 1409
4 1325 1242 1094 772
3 1124 173 1047
4 1059 790 635 1065
3 1197 794 914
4 1024 1168 858 1224
3 60 954 1202
3 291 907 381
3 432 1485 414
3 906 1460 786
4 434 413 337 316
3 780 798 905
4 1250 209 140 284
3 1421 198 1443
2 1080 568
3 1053 987 440
4 779 679 54 831
2 1429 231
3 653 560 494
3 3 141 1413
2 1267 76
3 1465 466 318
3 663 664 774
3 229 878 1200
4 1178 1423 838 538
3 421 1320 992
3 82 1120 1142
3 462 739 1469
4 404 1193 1308 897
3 627 1032 139
4 1390 686 1383 1355
4 1210 1307 376 1366
4 1220 1147 1013 1157
4 879 584 1338 267
4 1241 1056 263 285
3 931 259 248
3 1380 185 258
3 952 1420 947
3 338 1207 299
4 1448 1121 245 146
3 357 1160 645
3 1123 164 758
2 837 1303
3 873 881 958
4 1025 709 1336 1388
2 1260 1292
4 571 871 99 579
3 1462 1389 478
3 1239 1214 407
3 294 615 222
3 629 1012 1494
4 593 642 815 122
4 375 216 322 967
4 1016 134 799 1334
4 678 311 1406 1230
3 309 1085 1286
3 721 33 585
4 979 1259 781 1335
3 684 662 1358
2 304 1128
3 215 1074 112
4 919 685 1070 1274
4 1264 383 1223 1041
3 158 1176 1201
4 443 308 1170 944
3 785 392 1122
2 1217 150
3 605 1371 1117
3 238 430 763
3 706 403 481
3 171 1044 50
3 1257 1340 840
4 504 1306 705 826
4 1293 1344 1246 728
3 1430 1301 700
4 768 177 1057 543
4 289 431 639 196
3 15 1435 1075
3 397 310 712
4 1283 630 1451 976
3 515 1089 805
4 5 572 1206 623
4 1441 133 1 1077
3 949 1028 982
3 589 437 1249
3 791 1368 1063
4 795 1151 331 733
3 73 465 1351
3 408 107 9
3 1276 997 959
3 738 911 801
4 220 703 753 1291
5 208 250 529 1272 761
5 53 1039 475 1284 486
2 221 991
4 908 513 353 64
2 1236 1261
3 1165 435 428
3 1133 580 1480
3 167 545 669
3 555 1203 522
3 784 980 855
2 232 924
3 1042 184 17
3 62 356 853
2 610 974
3 813 409 803
3 163 135 226
5 1076 1174 1401 101 11
3 81 174 131
4 1095 1167 1309 1376
3 740 111 716
5 35 1487 620 1091 830
3 1138 868 938
4 970 1238 680 864
4 1282 385 1314 454
3 1373 833 176
3 1055 1444 398
2 1093 1126
3 1229 1029 348
3 343 1489 279
3 682 425 877
4 792 704 1256 278
3 489 359 488
4 393 1370 1418 342
3 147 720 234
2 971 1280
3 899 80 1135
4 473 930 199 1195
4 132 365 257 386
4 1300 939 301 505